t<-c(0, 0.5, 1, 1.5, 2, 2.5, 3, 3.5, 4, 4.5, 5, 5.5, 6, 6.5, 7, 7.5, 8, 8.5, 9, 9.5, 10, 10.5, 11, 11.5, 12, 12.5, 13, 13.5, 14, 14.5, 15, 15.5, 16, 16.5, 17, 17.5, 18, 18.5, 19, 19.5, 20, 20.5, 21, 21.5, 22, 22.5, 23, 23.5, 24, 24.5, 25, 25.5, 26, 26.5, 27, 27.5, 28, 28.5, 29, 29.5, 30, 30.5, 31, 31.5, 32, 32.5, 33, 33.5, 34, 34.5, 35, 35.5, 36, 36.5, 37, 37.5, 38, 38.5, 39, 39.5, 40, 40.5, 41, 41.5, 42, 42.5, 43, 43.5, 44, 44.5, 45, 45.5, 46, 46.5, 47, 47.5, 48, 48.5, 49, 49.5, 50, 50.5, 51, 51.5, 52, 52.5, 53, 53.5, 54, 54.5, 55, 55.5, 56, 56.5, 57, 57.5, 58, 58.5, 59, 59.5, 60, 60.5, 61, 61.5, 62, 62.5, 63, 63.5, 64, 64.5, 65, 65.5, 66, 66.5, 67, 67.5, 68, 68.5, 69, 69.5, 70, 70.5, 71, 71.5, 72, 72.5, 73, 73.5, 74, 74.5, 75, 75.5, 76, 76.5, 77, 77.5, 78, 78.5, 79, 79.5, 80, 80.5, 81, 81.5, 82, 82.5, 83, 83.5, 84, 84.5, 85, 85.5, 86, 86.5, 87, 87.5, 88, 88.5, 89, 89.5, 90, 90.5, 91, 91.5, 92, 92.5, 93, 93.5, 94, 94.5, 95, 95.5, 96, 96.5, 97, 97.5, 98, 98.5, 99, 99.5, 100, 100.5, 101, 101.5, 102, 102.5, 103, 103.5, 104, 104.5, 105, 105.5, 106, 106.5, 107, 107.5, 108, 108.5, 109, 109.5, 110, 110.5, 111, 111.5, 112, 112.5, 113, 113.5, 114, 114.5, 115, 115.5, 116, 116.5, 117, 117.5, 118, 118.5, 119, 119.5, 120, 120.5, 121, 121.5, 122, 122.5, 123, 123.5, 124, 124.5, 125, 125.5, 126, 126.5, 127, 127.5, 128, 128.5, 129, 129.5, 130, 130.5, 131, 131.5, 132, 132.5, 133, 133.5, 134, 134.5, 135, 135.5, 136, 136.5, 137, 137.5, 138, 138.5, 139, 139.5, 140, 140.5, 141, 141.5, 142, 142.5, 143, 143.5, 144, 144.5, 145, 145.5, 146, 146.5, 147, 147.5, 148, 148.5, 149, 149.5, 150, 150.5, 151, 151.5, 152, 152.5, 153, 153.5, 154, 154.5, 155, 155.5, 156, 156.5, 157, 157.5, 158, 158.5, 159, 159.5, 160, 160.5, 161, 161.5, 162, 162.5, 163, 163.5, 164, 164.5, 165, 165.5, 166, 166.5, 167, 167.5, 168, 168.5, 169, 169.5, 170, 170.5, 171, 171.5, 172, 172.5, 173, 173.5, 174, 174.5, 175, 175.5, 176, 176.5, 177, 177.5, 178, 178.5, 179, 179.5, 180, 180.5, 181, 181.5, 182, 182.5, 183, 183.5, 184, 184.5, 185, 185.5, 186, 186.5, 187, 187.5, 188, 188.5, 189, 189.5, 190, 190.5, 191, 191.5, 192, 192.5, 193, 193.5, 194, 194.5, 195, 195.5, 196, 196.5, 197, 197.5, 198, 198.5, 199, 199.5, 200, 200.5, 201, 201.5, 202, 202.5, 203, 203.5, 204, 204.5, 205, 205.5, 206, 206.5, 207, 207.5, 208, 208.5, 209, 209.5, 210, 210.5, 211, 211.5, 212, 212.5, 213, 213.5, 214, 214.5, 215, 215.5, 216, 216.5, 217, 217.5, 218, 218.5, 219, 219.5, 220, 220.5, 221, 221.5, 222, 222.5, 223, 223.5, 224, 224.5, 225, 225.5, 226, 226.5, 227, 227.5, 228, 228.5, 229, 229.5, 230, 230.5, 231, 231.5, 232, 232.5, 233, 233.5, 234, 234.5, 235, 235.5, 236, 236.5, 237, 237.5, 238, 238.5, 239, 239.5, 240, 240.5, 241, 241.5, 242, 242.5, 243, 243.5, 244, 244.5, 245, 245.5, 246, 246.5, 247, 247.5, 248, 248.5, 249, 249.5, 250, 250.5, 251, 251.5, 252, 252.5, 253, 253.5, 254, 254.5, 255, 255.5, 256, 256.5, 257, 257.5, 258, 258.5, 259, 259.5, 260, 260.5, 261, 261.5, 262, 262.5, 263, 263.5, 264, 264.5, 265, 265.5, 266, 266.5, 267, 267.5, 268, 268.5, 269, 269.5, 270, 270.5, 271, 271.5, 272, 272.5, 273, 273.5, 274, 274.5, 275, 275.5, 276, 276.5, 277, 277.5, 278, 278.5, 279, 279.5, 280, 280.5, 281, 281.5, 282, 282.5, 283, 283.5, 284, 284.5, 285, 285.5, 286, 286.5, 287, 287.5, 288, 288.5, 289, 289.5, 290, 290.5, 291, 291.5, 292, 292.5, 293, 293.5, 294, 294.5, 295, 295.5, 296, 296.5, 297, 297.5, 298, 298.5, 299, 299.5);
q0<-c(-0.5821271946, -0.5805010201, -0.5788600071, -0.5772042186, -0.5755337175, -0.5738485666, -0.5721488287, -0.5704345667, -0.5687058435, -0.566962722, -0.565205265, -0.5634335354, -0.5616475959, -0.5598475095, -0.558033339, -0.556205147, -0.5543629965, -0.5525069501, -0.5506370707, -0.5487534209, -0.5468560633, -0.5449450608, -0.5430204758, -0.5410823711, -0.5391308091, -0.5371658524, -0.5351875635, -0.5331960048, -0.5311912388, -0.5291733279, -0.5271423343, -0.5250983203, -0.5230413483, -0.5209714804, -0.5188887788, -0.5167933055, -0.5146851226, -0.5125642921, -0.5104308759, -0.5082849359, -0.5061265341, -0.503955732, -0.5017725915, -0.4995771741, -0.4973695416, -0.4951497553, -0.4929178769, -0.4906739676, -0.4884180888, -0.4861503019, -0.4838706679, -0.481579248, -0.4792761034, -0.4769612949, -0.4746348835, -0.4722969301, -0.4699474954, -0.4675866401, -0.4652144249, -0.4628309103, -0.4604361568, -0.4580302248, -0.4556131746, -0.4531850665, -0.4507459606, -0.448295917, -0.4458349958, -0.4433632567, -0.4408807598, -0.4383875646, -0.435883731, -0.4333693185, -0.4308443867, -0.4283089948, -0.4257632024, -0.4232070686, -0.4206406526, -0.4180640134, -0.4154772102, -0.4128803018, -0.410273347, -0.4076564045, -0.405029533, -0.4023927911, -0.3997462372, -0.3970899298, -0.394423927, -0.3917482871, -0.3890630682, -0.3863683284, -0.3836641255, -0.3809505174, -0.3782275618, -0.3754953165, -0.372753839, -0.3700031867, -0.367243417, -0.3644745873, -0.3616967548, -0.3589099764, -0.3561143094, -0.3533098106, -0.3504965368, -0.3476745448, -0.3448438912, -0.3420046327, -0.3391568256, -0.3363005264, -0.3334357913, -0.3305626766, -0.3276812383, -0.3247915326, -0.3218936151, -0.318987542, -0.3160733688, -0.3131511512, -0.3102209448, -0.307282805, -0.3043367873, -0.3013829469, -0.2984213391, -0.2954520188, -0.2924750413, -0.2894904613, -0.2864983338, -0.2834987135, -0.2804916551, -0.2774772131, -0.2744554421, -0.2714263964, -0.2683901304, -0.2653466983, -0.2622961543, -0.2592385524, -0.2561739465, -0.2531023907, -0.2500239386, -0.2469386441, -0.2438465607, -0.2407477421, -0.2376422416, -0.2345301127, -0.2314114087, -0.2282861828, -0.2251544881, -0.2220163778, -0.2188719048, -0.215721122, -0.2125640822, -0.2094008383, -0.2062314428, -0.2030559484, -0.1998744076, -0.1966868728, -0.1934933964, -0.1902940307, -0.1870888279, -0.1838778402, -0.1806611196, -0.1774387182, -0.1742106878, -0.1709770803, -0.1677379476, -0.1644933412, -0.161243313, -0.1579879144, -0.154727197, -0.1514612123, -0.1481900116, -0.1449136462, -0.1416321674, -0.1383456264, -0.1350540744, -0.1317575623, -0.1284561412, -0.1251498621, -0.1218387758, -0.1185229331, -0.1152023849, -0.1118771819, -0.1085473747, -0.1052130139, -0.10187415, -0.0985308337, -0.0951831152, -0.0918310451, -0.0884746737, -0.0851140512, -0.081749228, -0.0783802541, -0.0750071798, -0.0716300552, -0.0682489304, -0.0648638553, -0.0614748799, -0.0580820543, -0.0546854282, -0.0512850517, -0.0478809743, -0.0444732461, -0.0410619166, -0.0376470357, -0.034228653, -0.0308068181, -0.0273815808, -0.0239529905, -0.0205210968, -0.0170859493, -0.0136475975, -0.0102060908, -0.0067614787, -0.0033138106, 0.000136864, 0.0035904958, 0.0070470353, 0.0105064333, 0.0139686404, 0.0174336073, 0.0209012847, 0.0243716232, 0.0278445736, 0.0313200867, 0.0347981131, 0.0382786036, 0.041761509, 0.0452467799, 0.0487343673, 0.0522242218, 0.0557162942, 0.0592105352, 0.0627068956, 0.0662053263, 0.0697057778, 0.073208201, 0.0767125467, 0.0802187654, 0.0837268081, 0.0872366253, 0.0907481677, 0.0942613861, 0.097776231, 0.1012926532, 0.1048106033, 0.1083300318, 0.1118508893, 0.1153731265, 0.1188966937, 0.1224215416, 0.1259476206, 0.1294748812, 0.1330032737, 0.1365327485, 0.140063256, 0.1435947464, 0.1471271702, 0.1506604773, 0.1541946182, 0.1577295428, 0.1612652013, 0.1648015438, 0.1683385202, 0.1718760804, 0.1754141745, 0.1789527522, 0.1824917633, 0.1860311576, 0.1895708846, 0.1931108942, 0.1966511357, 0.2001915587, 0.2037321125, 0.2072727467, 0.2108134103, 0.2143540527, 0.217894623, 0.2214350702, 0.2249753434, 0.2285153914, 0.2320551631, 0.2355946072, 0.2391336724, 0.2426723073, 0.2462104603, 0.2497480799, 0.2532851144, 0.256821512, 0.2603572207, 0.2638921888, 0.267426364, 0.2709596942, 0.2744921271, 0.2780236104, 0.2815540915, 0.2850835179, 0.2886118369, 0.2921389957, 0.2956649413, 0.2991896206, 0.3027129806, 0.306234968, 0.3097555293, 0.3132746111, 0.3167921596, 0.3203081212, 0.3238224419, 0.3273350676, 0.3308459443, 0.3343550176, 0.337862233, 0.3413675361, 0.3448708721, 0.3483721861, 0.3518714231, 0.3553685281, 0.3588634456, 0.3623561203, 