t<-c(0, 0.5, 1, 1.5, 2, 2.5, 3, 3.5, 4, 4.5, 5, 5.5, 6, 6.5, 7, 7.5, 8, 8.5, 9, 9.5, 10, 10.5, 11, 11.5, 12, 12.5, 13, 13.5, 14, 14.5, 15, 15.5, 16, 16.5, 17, 17.5, 18, 18.5, 19, 19.5, 20, 20.5, 21, 21.5, 22, 22.5, 23, 23.5, 24, 24.5, 25, 25.5, 26, 26.5, 27, 27.5, 28, 28.5, 29, 29.5, 30, 30.5, 31, 31.5, 32, 32.5, 33, 33.5, 34, 34.5, 35, 35.5, 36, 36.5, 37, 37.5, 38, 38.5, 39, 39.5, 40, 40.5, 41, 41.5, 42, 42.5, 43, 43.5, 44, 44.5, 45, 45.5, 46, 46.5, 47, 47.5, 48, 48.5, 49, 49.5, 50, 50.5, 51, 51.5, 52, 52.5, 53, 53.5, 54, 54.5, 55, 55.5, 56, 56.5, 57, 57.5, 58, 58.5, 59, 59.5, 60, 60.5, 61, 61.5, 62, 62.5, 63, 63.5, 64, 64.5, 65, 65.5, 66, 66.5, 67, 67.5, 68, 68.5, 69, 69.5, 70, 70.5, 71, 71.5, 72, 72.5, 73, 73.5, 74, 74.5, 75, 75.5, 76, 76.5, 77, 77.5, 78, 78.5, 79, 79.5, 80, 80.5, 81, 81.5, 82, 82.5, 83, 83.5, 84, 84.5, 85, 85.5, 86, 86.5, 87, 87.5, 88, 88.5, 89, 89.5, 90, 90.5, 91, 91.5, 92, 92.5, 93, 93.5, 94, 94.5, 95, 95.5, 96, 96.5, 97, 97.5, 98, 98.5, 99, 99.5, 100, 100.5, 101, 101.5, 102, 102.5, 103, 103.5, 104, 104.5, 105, 105.5, 106, 106.5, 107, 107.5, 108, 108.5, 109, 109.5, 110, 110.5, 111, 111.5, 112, 112.5, 113, 113.5, 114, 114.5, 115, 115.5, 116, 116.5, 117, 117.5, 118, 118.5, 119, 119.5, 120, 120.5, 121, 121.5, 122, 122.5, 123, 123.5, 124, 124.5, 125, 125.5, 126, 126.5, 127, 127.5, 128, 128.5, 129, 129.5, 130, 130.5, 131, 131.5, 132, 132.5, 133, 133.5, 134, 134.5, 135, 135.5, 136, 136.5, 137, 137.5, 138, 138.5, 139, 139.5, 140, 140.5, 141, 141.5, 142, 142.5, 143, 143.5, 144, 144.5, 145, 145.5, 146, 146.5, 147, 147.5, 148, 148.5, 149, 149.5, 150, 150.5, 151, 151.5, 152, 152.5, 153, 153.5, 154, 154.5, 155, 155.5, 156, 156.5, 157, 157.5, 158, 158.5, 159, 159.5, 160, 160.5, 161, 161.5, 162, 162.5, 163, 163.5, 164, 164.5, 165, 165.5, 166, 166.5, 167, 167.5, 168, 168.5, 169, 169.5, 170, 170.5, 171, 171.5, 172, 172.5, 173, 173.5, 174, 174.5, 175, 175.5, 176, 176.5, 177, 177.5, 178, 178.5, 179, 179.5, 180, 180.5, 181, 181.5, 182, 182.5, 183, 183.5, 184, 184.5, 185, 185.5, 186, 186.5, 187, 187.5, 188, 188.5, 189, 189.5, 190, 190.5, 191, 191.5, 192, 192.5, 193, 193.5, 194, 194.5, 195, 195.5, 196, 196.5, 197, 197.5, 198, 198.5, 199, 199.5, 200, 200.5, 201, 201.5, 202, 202.5, 203, 203.5, 204, 204.5, 205, 205.5, 206, 206.5, 207, 207.5, 208, 208.5, 209, 209.5, 210, 210.5, 211, 211.5, 212, 212.5, 213, 213.5, 214, 214.5, 215, 215.5, 216, 216.5, 217, 217.5, 218, 218.5, 219, 219.5, 220, 220.5, 221, 221.5, 222, 222.5, 223, 223.5, 224, 224.5, 225, 225.5, 226, 226.5, 227, 227.5, 228, 228.5, 229, 229.5, 230, 230.5, 231, 231.5, 232, 232.5, 233, 233.5, 234, 234.5, 235, 235.5, 236, 236.5, 237, 237.5, 238, 238.5, 239, 239.5, 240, 240.5, 241, 241.5, 242, 242.5, 243, 243.5, 244, 244.5, 245, 245.5, 246, 246.5, 247, 247.5, 248, 248.5, 249, 249.5, 250, 250.5, 251, 251.5, 252, 252.5, 253, 253.5, 254, 254.5, 255, 255.5, 256, 256.5, 257, 257.5, 258, 258.5, 259, 259.5, 260, 260.5, 261, 261.5, 262, 262.5, 263, 263.5, 264, 264.5, 265, 265.5, 266, 266.5, 267, 267.5, 268, 268.5, 269, 269.5, 270, 270.5, 271, 271.5, 272, 272.5, 273, 273.5, 274, 274.5, 275, 275.5, 276, 276.5, 277, 277.5, 278, 278.5, 279, 279.5, 280, 280.5, 281, 281.5, 282, 282.5, 283, 283.5, 284, 284.5, 285, 285.5, 286, 286.5, 287, 287.5, 288, 288.5, 289, 289.5, 290, 290.5, 291, 291.5, 292, 292.5, 293, 293.5, 294, 294.5, 295, 295.5, 296, 296.5, 297, 297.5, 298, 298.5, 299, 299.5);
q0<-c(101796.4177557, 101512.5610777117, 101226.1098090537, 100937.0749283244, 100645.4674156133, 100351.2982520804, 100054.5784195422, 99755.3189000655, 99453.5306755663, 99149.2247274184, 98842.4120360647, 98533.1035806363, 98221.3103385806, 97907.0432852919, 97590.3133937488, 97271.1316341589, 96949.5089736126, 96625.4563757352, 96298.9848003506, 95970.1052031521, 95638.8285353775, 95305.1657434861, 94969.1277688466, 94630.7255474313, 94289.9700095101, 93946.8720793535, 93601.4426749437, 93253.6927076863, 92903.633082132, 92551.2746957, 92196.6284384082, 91839.7051926089, 91480.5158327298, 91119.0712250187, 90755.3822272943, 90389.4596887029, 90021.3144494796, 89650.9573407126, 89278.3991841141, 88903.6507917957, 88526.7229660477, 88147.6264991246, 87766.3721730373, 87382.9707593427, 86997.4330189444, 86609.7697018967, 86219.9915472115, 85828.1092826698, 85434.1336246386, 85038.0752778906, 84639.9449354314, 84239.7532783272, 83837.5109755386, 83433.2286837576, 83026.9170472492, 82618.5866976979, 82208.2482540577, 81795.912322403, 81381.5894957886, 80965.2903541114, 80547.0254639747, 80126.8053785573, 79704.6406374856, 79280.5417667104, 78854.5192783881, 78426.5836707635, 77996.7454280568, 77565.0150203556, 77131.4029035094, 76695.9195190261, 76258.5752939743, 75819.3806408889, 75378.3459576784, 74935.4816275342, 74490.7980188493, 74044.3054851342, 73596.0143649383, 73145.9349817752, 72694.0776440497, 72240.4526449866, 71785.0702625681, 71327.9407594698, 70869.0743829992, 70408.4813650401, 69946.1719219985, 69482.1562547508, 69016.4445485951, 68549.0469732096, 68079.973682606, 67609.2348150914, 67136.8404932315, 66662.8008238186, 66187.1258978369, 65709.8257904372, 65230.9105609107, 64750.3902526651, 64268.2748932043, 63784.5744941117, 63299.2990510332, 62812.4585436664, 62324.0629357509, 61834.12217506, 61342.646193396, 60849.644906588, 60355.1282144928, 59859.1060009961, 59361.5881340196, 58862.5844655261, 58362.1048315312, 57860.159052116, 57356.7569314396, 56851.9082577575, 56345.6228034413, 55837.9103249994, 55328.7805631032, 54818.2432426101, 54306.3080725945, 53792.9847463781, 53278.2829415632, 52762.2123200672, 52244.7825281607, 51726.0031965076, 51205.8839402047, 50684.4343588297, 50161.6640364843, 49637.5825418449, 49112.1994282093, 48585.5242335537, 48057.5664805849, 47528.335676798, 46997.8413145351, 46466.0928710453, 45933.09980855, 45398.8715743063, 44863.4176006741, 44326.7473051861, 43788.870090619, 43249.7953450658, 42709.5324420124, 42168.0907404149, 41625.4795847763, 41081.7083052309, 40536.7862176254, 39990.7226236044, 39443.5268106986, 38895.2080524131, 38345.7756083186, 37795.238724144, 37243.6066318716, 36690.8885498348, 36137.0936828146, 35582.2312221427, 35026.3103458035, 34469.3402185385, 33911.329991951, 33352.2888046168, 32792.225782194, 32231.1500375327, 31669.0706707923, 31105.9967695553, 30541.937408946, 29976.9016517496, 29410.8985485341, 28843.9371377737, 28276.0264459729, 27707.175487795, 27137.3932661903, 26566.6887725283, 25995.0709867281, 25422.5488773936, 24849.1314019504, 24274.8275067843, 23699.6461273805, 23123.5961884662, 22546.6866041544, 21968.9262780888, 21390.3241035919, 20810.888963814, 20230.6297318847, 19649.5552710656, 19067.6744349043, 18484.9960673915, 17901.5290031208, 17317.2820674472, 16732.2640766495, 16146.4838380955, 15559.950150407, 14972.671803627, 14384.6575793899, 13795.916251092, 13206.4565840652, 12616.2873357519, 12025.4172558819, 11433.85508665, 10841.6095628985, 10248.689412297, 9655.1033555283, 9060.8601064722, 8465.9683723954, 7870.4368541412, 7274.2742463194, 6677.4892374999, 6080.090510408, 5482.0867421212, 4883.4866042674, 4284.2987632268, 3684.5318803319, 3084.1946120734, 2483.2956103063, 1881.8435224569, 1279.846991731, 677.3146573274, 74.2551546509, -529.3228844735, -1133.4108315833, -1738.00006136, -2343.0819514097, -2948.6478820394, -3554.6892360338, -4161.1973984291, -4768.1637562849, -5375.5796984561, -5983.4366153618, -6591.7258987515, -7200.4389414699, -7809.5671372209, -8419.1018803298, -9029.0345655033, -9639.3565875868, -10250.0593413212, -10861.1342210977, -11472.5726207099, -12084.3659331078, -12696.5055501433, -13308.9828623203, -13921.7892585403, -14534.9161258469, -15148.3548491679, -15762.0968110565, -16376.13339143, -16990.455967307, -17605.0559125435, -18219.9245975682, -18835.0533891138, -19450.4336499473, -20066.056738601, -20681.9140090975, -21297.9968106788, -21914.2964875273, -22530.8043784898, -23147.5118167989, -23764.4101297933, -24381.4906386349, -24998.7446580241, -25616.1634959169, -26233.7384532363, -26851.4608235855, 